,pH_recycle,pH_mix,HCl mg/kg w,pH_outlet
0,7.8,7.582289287178278,78.19405423302838,4.0
1,7.8,7.582289287178278,76.25109254441034,4.157894736842105
2,7.8,7.582289287178278,74.73390981353437,4.315789473684211
3,7.8,7.582289287178278,73.44329336904562,4.473684210526316
4,7.8,7.582289287178278,72.21357740154042,4.631578947368421
5,7.8,7.582289287178278,70.89389387757413,4.7894736842105265
6,7.8,7.582289287178278,69.33439957643428,4.947368421052632
7,7.8,7.582289287178278,67.3779979780667,5.105263157894736
8,7.8,7.582289287178278,64.85994004732282,5.2631578947368425
9,7.8,7.582289287178278,61.61940837269897,5.421052631578947
10,7.8,7.582289287178278,57.52727907679055,5.578947368421053
11,7.8,7.582289287178278,52.52998223025869,5.7368421052631575
12,7.8,7.582289287178278,46.69856933151573,5.894736842105263
13,7.8,7.582289287178278,40.25818483650161,6.052631578947368
14,7.8,7.582289287178278,33.56919515863055,6.2105263157894735
15,7.8,7.582289287178278,27.05127070775927,6.368421052631579
16,7.8,7.582289287178278,21.078746968404417,6.526315789473684
17,7.8,7.582289287178278,15.897235623655558,6.684210526315789
18,7.8,7.582289287178278,11.595143539631835,6.842105263157895
19,7.8,7.582289287178278,8.1266758416318,7.0
20,8.0,7.586633563242619,78.24191386432807,4.0
21,8.0,7.586633563242619,76.29895214926462,4.157894736842105
22,8.0,7.586633563242619,74.78176940225637,4.315789473684211
23,8.0,7.586633563242619,73.49115294950319,4.473684210526316
24,8.0,7.586633563242619,72.26143698070825,4.631578947368421
25,8.0,7.586633563242619,70.94175346182364,4.7894736842105265
26,8.0,7.586633563242619,69.38225917258103,4.947368421052632
27,8.0,7.586633563242619,67.42585759303043,5.105263157894736
28,8.0,7.586633563242619,64.90779968901082,5.2631578947368425
29,8.0,7.586633563242619,61.66726804936947,5.421052631578947
30,8.0,7.586633563242619,57.575138796730364,5.578947368421053
31,8.0,7.586633563242619,52.57784199983653,5.7368421052631575
32,8.0,7.586633563242619,46.74642915368533,5.894736842105263
33,8.0,7.586633563242619,40.3060447097742,6.052631578947368
34,8.0,7.586633563242619,33.61705507739403,6.2105263157894735
35,8.0,7.586633563242619,27.099130662937203,6.368421052631579
36,8.0,7.586633563242619,21.126606950477555,6.526315789473684
37,8.0,7.586633563242619,15.945095624685596,6.684210526315789
38,8.0,7.586633563242619,11.64300355353272,6.842105263157895
39,8.0,7.586633563242619,8.17453586512011,7.0
40,8.2,7.593051274146553,78.31259312084724,4.0
41,8.2,7.593051274146553,76.36963136694386,4.157894736842105
42,8.2,7.593051274146553,74.85244859616225,4.315789473684211
43,8.2,7.593051274146553,73.56183213163868,4.473684210526316
44,8.2,7.593051274146553,72.33211616112109,4.631578947368421
45,8.2,7.593051274146553,71.01243264990161,4.7894736842105265
46,8.2,7.593051274146553,69.45293837792974,4.947368421052632
47,8.2,7.593051274146553,67.49653682648896,5.105263157894736
48,8.2,7.593051274146553,64.9784789622286,5.2631578947368425
49,8.2,7.593051274146553,61.73794737487811,5.421052631578947
50,8.2,7.593051274146553,57.645818186628674,5.578947368421053
51,8.2,7.593051274146553,52.64852146348329,5.7368421052631575
52,8.2,7.593051274146553,46.817108695846215,5.894736842105263
53,8.2,7.593051274146553,40.376724328419286,6.052631578947368
54,8.2,7.593051274146553,33.68773476368132,6.2105263157894735
55,8.2,7.593051274146553,27.169810404006483,6.368421052631579
56,8.2,7.593051274146553,21.19728673223322,6.526315789473684
57,8.2,7.593051274146553,16.015775434800528,6.684210526315789
58,8.2,7.593051274146553,11.713683383182357,6.842105263157895
59,8.2,7.593051274146553,8.245215709488198,7.0
60,8.4,7.60234490435185,78.41491997742123,4.0
61,8.4,7.60234490435185,76.47195816769299,4.157894736842105
62,8.4,7.60234490435185,74.95477536302644,4.315789473684211
63,8.4,7.60234490435185,73.66415888160248,4.473684210526316
64,8.4,7.60234490435185,72.4344429089399,4.631578947368421
65,8.4,7.60234490435185,71.1147594092717,4.7894736842105265
66,8.4,7.60234490435185,69.55526516302707,4.947368421052632
67,8.4,7.60234490435185,67.59886365251967,5.105263157894736
68,8.4,7.60234490435185,65.08080584654029,5.2631578947368425
69,8.4,7.60234490435185,61.84027433568114,5.421052631578947
70,8.4,7.60234490435185,57.74814524136552,5.578947368421053
71,8.4,7.60234490435185,52.75084862638734,5.7368421052631575
72,8.4,7.60234490435185,46.91943597372574,5.894736842105263
73,8.4,7.60234490435185,40.47905171839503,6.052631578947368
74,8.4,7.60234490435185,33.79006225364286,6.2105263157894735
75,8.4,7.60234490435185,27.272137974682767,6.368421052631579
76,8.4,7.60234490435185,21.299614363241147,6.526315789473684
77,8.4,7.60234490435185,16.118103108033306,6.684210526315789
78,8.4,7.60234490435185,11.816011086061026,6.842105263157895
79,8.4,7.60234490435185,8.347543434490268,7.0
80,8.6,7.615304560940629,78.5576258405831,4.0
81,8.6,7.615304560940629,76.61466395418641,4.157894736842105
82,8.6,7.615304560940629,75.0974811028336,4.315789473684211
83,8.6,7.615304560940629,73.80686459872338,4.473684210526316
84,8.6,7.615304560940629,72.57714862335321,4.631578947368421
85,8.6,7.615304560940629,71.25746514039852,4.7894736842105265
86,8.6,7.615304560940629,69.6979709305418,4.947368421052632
87,8.6,7.615304560940629,67.74156947838883,5.105263157894736
88,8.6,7.615304560940629,65.22351175462784,5.2631578947368425
89,8.6,7.615304560940629,61.98298035205462,5.421052631578947
90,8.6,7.615304560940629,57.89085139069086,5.578947368421053
91,8.6,7.615304560940629,52.893554928847735,5.7368421052631575
92,8.6,7.615304560940629,47.062142439358745,5.894736842105263
93,8.6,7.615304560940629,40.62175834353149,6.052631578947368
94,8.6,7.615304560940629,33.93276902090443,6.2105263157894735
95,8.6,7.615304560940629,27.414844857788434,6.368421052631579
96,8.6,7.615304560940629,21.442321333228993,6.526315789473684
97,8.6,7.615304560940629,16.260810139730758,6.684210526315789
98,8.6,7.615304560940629,11.958718160934193,6.842105263157895
99,8.6,7.615304560940629,8.490250541845956,7.0
100,8.799999999999999,7.6324033009610694,78.7460931285165,4.0
101,8.799999999999999,7.6324033009610694,76.803131142642,4.157894736842105
102,8.799999999999999,7.6324033009610694,75.2859482312361,4.315789473684211
103,8.799999999999999,7.6324033009610694,73.99533169807718,4.473684210526316
104,8.799999999999999,7.6324033009610694,72.76561572044766,4.631578947368421
105,8.799999999999999,7.6324033009610694,71.4459322605495,4.7894736842105265
106,8.799999999999999,7.6324033009610694,69.88643810005995,4.947368421052632
107,8.799999999999999,7.6324033009610694,67.93003672633986,5.105263157894736
108,8.799999999999999,7.6324033009610694,65.41197911349464,5.2631578947368425
109,8.799999999999999,7.6324033009610694,62.171447856182276,5.421052631578947
110,8.799999999999999,7.6324033009610694,58.079319073996466,5.578947368421053
111,8.799999999999999,7.6324033009610694,53.082022818228324,5.7368421052631575
112,8.799999999999999,7.6324033009610694,47.25061054881019,5.894736842105263
113,8.799999999999999,7.6324033009610694,40.81022666881519,6.052631578947368
114,8.799999999999999,7.6324033009610694,34.12123753952413,6.2105263157894735
115,8.799999999999999,7.6324033009610694,27.603313534903503,6.368421052631579
116,8.799999999999999,7.6324033009610694,21.630790130049313,6.526315789473684
117,8.799999999999999,7.6324033009610694,16.449279022178427,6.684210526315789
118,8.799999999999999,7.6324033009610694,12.147187103955611,6.842105263157895
119,8.799999999999999,7.6324033009610694,8.67871953062683,7.0
120,9.0,7.653397513820815,78.97810215883256,4.0
121,9.0,7.653397513820815,77.03514005314268,4.157894736842105
122,9.0,7.653397513820815,75.5179570697847,4.315789473684211
123,9.0,7.653397513820815,74.2273405027872,4.473684210526316
124,9.0,7.653397513820815,72.9976245238481,4.631578947368421
125,9.0,7.653397513820815,71.67794109404214,4.7894736842105265
126,9.0,7.653397513820815,70.11844699632391,4.947368421052632
127,9.0,7.653397513820815,68.1620457215373,5.105263157894736
128,9.0,7.653397513820815,65.64398824804792,5.2631578947368425
129,9.0,7.653397513820815,62.40345717352141,5.421052631578947
130,9.0,7.653397513820815,58.3113286166893,5.578947368421053
131,9.0,7.653397513820815,53.31403262063185,5.7368421052631575
132,9.0,7.653397513820815,47.4826206290504,5.894736842105263
133,9.0,7.653397513820815,41.04223702280491,6.052631578947368
134,9.0,7.653397513820815,34.35324813960597,6.2105263157894735
135,9.0,7.653397513820815,27.835324337908066,6.368421052631579
136,9.0,7.653397513820815,21.86280108782011,6.526315789473684
137,9.0,7.653397513820815,16.68129009190513,6.684210526315789
138,9.0,7.653397513820815,12.379198253825296,6.842105263157895
139,9.0,7.653397513820815,8.910730741199465,7.0
140,9.2,7.677119691402465,79.24157269608799,4.0
141,9.2,7.677119691402465,77.29861045795882,4.157894736842105
142,9.2,7.677119691402465,75.78142739560646,4.315789473684211
143,9.2,7.677119691402465,74.4908107920957,4.473684210526316
144,9.2,7.677119691402465,73.2610948141075,4.631578947368421
145,9.2,7.677119691402465,71.94141142034144,4.7894736842105265
146,9.2,7.677119691402465,70.38191739610565,4.947368421052632
147,9.2,7.677119691402465,68.42551623657242,5.105263157894736
148,9.2,7.677119691402465,65.90745892498487,5.2631578947368425
149,9.2,7.677119691402465,62.666928062663615,5.421052631578947
150,9.2,7.677119691402465,58.5747997675329,5.578947368421053
151,9.2,7.677119691402465,53.57750407375271,5.7368421052631575
152,9.2,7.677119691402465,47.74609240644897,5.894736842105263
153,9.2,7.677119691402465,41.305709120320955,6.052631578947368
154,9.2,7.677119691402465,34.61672052702133,6.2105263157894735
155,9.2,7.677119691402465,28.098796965568486,6.368421052631579
156,9.2,7.677119691402465,22.126273900504337,6.526315789473684
157,9.2,7.677119691402465,16.944763039654394,6.684210526315789
158,9.2,7.677119691402465,12.642671299384045,6.842105263157895
159,9.2,7.677119691402465,9.174203861200914,7.0
160,9.4,7.701822966063375,79.51807198809958,4.0
161,9.4,7.701822966063375,77.57510961494394,4.157894736842105
162,9.4,7.701822966063375,76.05792647280282,4.315789473684211
163,9.4,7.701822966063375,74.7673098336638,4.473684210526316
164,9.4,7.701822966063375,73.53759385829062,4.631578947368421
165,9.4,7.701822966063375,72.21791050455114,4.7894736842105265
166,9.4,7.701822966063375,70.65841655998196,4.947368421052632
167,9.4,7.701822966063375,68.7020155240404,5.105263157894736
168,9.4,7.701822966063375,66.18395838577472,5.2631578947368425
169,9.4,7.701822966063375,62.943427750630114,5.421052631578947
170,9.4,7.701822966063375,58.851299735801064,5.578947368421053
171,9.4,7.701822966063375,53.85400436627675,5.7368421052631575
172,9.4,7.701822966063375,48.02259304729677,5.894736842105263
173,9.4,7.701822966063375,41.58221010658705,6.052631578947368
174,9.4,7.701822966063375,34.89322182716514,6.2105263157894735
175,9.4,7.701822966063375,28.37529852798642,6.368421052631579
176,9.4,7.701822966063375,22.4027756662861,6.526315789473684
177,9.4,7.701822966063375,17.221264955486483,6.684210526315789
178,9.4,7.701822966063375,12.919173324670036,6.842105263157895
179,9.4,7.701822966063375,9.450705970119866,7.0
180,9.6,7.7260519347929595,79.79205083304186,4.0
181,9.6,7.7260519347929595,77.84908833005524,4.157894736842105
182,9.6,7.7260519347929595,76.33190511155424,4.315789473684211
183,9.6,7.7260519347929595,75.04128843915566,4.473684210526316
184,9.6,7.7260519347929595,73.81157246838691,4.631578947368421
185,9.6,7.7260519347929595,72.49188915606587,4.7894736842105265
186,9.6,7.7260519347929595,70.93239529207158,4.947368421052632
187,9.6,7.7260519347929595,68.97599438054331,5.105263157894736
188,9.6,7.7260519347929595,66.45793741673717,5.2631578947368425
189,9.6,7.7260519347929595,63.21740701001222,5.421052631578947
190,9.6,7.7260519347929595,59.12527927693139,5.578947368421053
191,9.6,7.7260519347929595,54.12798423379776,5.7368421052631575
192,9.6,7.7260519347929595,48.296573266521015,5.894736842105263
193,9.6,7.7260519347929595,41.85619067518308,6.052631578947368
194,9.6,7.7260519347929595,35.16720271472483,6.2105263157894735
195,9.6,7.7260519347929595,28.64927968322004,6.368421052631579
196,9.6,7.7260519347929595,22.676757030645607,6.526315789473684
197,9.6,7.7260519347929595,17.495246475278922,6.684210526315789
198,9.6,7.7260519347929595,13.193154958463829,6.842105263157895
199,9.6,7.7260519347929595,9.724687691515735,7.0
200,9.799999999999999,7.749490944356929,80.06036006229888,4.0
201,9.799999999999999,7.749490944356929,78.11739743564804,4.157894736842105
202,9.799999999999999,7.749490944356929,76.60021414525636,4.315789473684211
203,9.799999999999999,7.749490944356929,75.3095974421928,4.473684210526316
204,9.799999999999999,7.749490944356929,74.0798814775164,4.631578947368421
205,9.799999999999999,7.749490944356929,72.76019820704249,4.7894736842105265
206,9.799999999999999,7.749490944356929,71.20070442326197,4.947368421052632
207,9.799999999999999,7.749490944356929,69.24430363537614,5.105263157894736
208,9.799999999999999,7.749490944356929,66.72624684400769,5.2631578947368425
209,9.799999999999999,7.749490944356929,63.48571666308684,5.421052631578947
210,9.799999999999999,7.749490944356929,59.393589209204016,5.578947368421053
211,9.799999999999999,7.749490944356929,54.39629448941834,5.7368421052631575
212,9.799999999999999,7.749490944356929,48.564883871145845,5.894736842105263
213,9.799999999999999,7.749490944356929,42.12450162750247,6.052631578947368
214,9.799999999999999,7.749490944356929,35.4355139853717,6.2105263157894735
215,9.799999999999999,7.749490944356929,28.917591222301226,6.368421052631579
216,9.799999999999999,7.749490944356929,22.945068780474735,6.526315789473684
217,9.799999999999999,7.749490944356929,17.763558382704897,6.684210526315789
218,9.799999999999999,7.749490944356929,13.46146698232422,6.842105263157895
219,9.799999999999999,7.749490944356929,9.99299980473453,7.0
220,10.0,7.7733156038339715,80.33700701083603,4.0
221,10.0,7.7733156038339715,78.39404426058877,4.157894736842105
222,10.0,7.7733156038339715,76.87686089849261,4.315789473684211
223,10.0,7.7733156038339715,75.58624416605439,4.473684210526316
224,10.0,7.7733156038339715,74.35652820942745,4.631578947368421
225,10.0,7.7733156038339715,73.03684498389039,4.7894736842105265
226,10.0,7.7733156038339715,71.47735128478702,4.947368421052632
227,10.0,7.7733156038339715,69.52095062647491,5.105263157894736
228,10.0,7.7733156038339715,67.0028940157799,5.2631578947368425
229,10.0,7.7733156038339715,63.76236407158526,5.421052631578947
230,10.0,7.7733156038339715,59.67023690991672,5.578947368421053
231,10.0,7.7733156038339715,54.67294252940099,5.7368421052631575
232,10.0,7.7733156038339715,48.841532277768344,5.894736842105263
233,10.0,7.7733156038339715,42.401150400389916,6.052631578947368
234,10.0,7.7733156038339715,35.71216309477879,6.2105263157894735
235,10.0,7.7733156038339715,29.19424061692614,6.368421052631579
236,10.0,7.7733156038339715,23.221718400259835,6.526315789473684
237,10.0,7.7733156038339715,18.0402081720148,6.684210526315789
238,10.0,7.7733156038339715,13.738116897493732,6.842105263157895
239,10.0,7.7733156038339715,10.26964981703086,7.0
240,10.2,7.800140856541981,80.65402588936406,4.0
241,10.2,7.800140856541981,78.7110630019754,4.157894736842105
242,10.2,7.800140856541981,77.19387956166408,4.315789473684211
243,10.2,7.800140856541981,75.90326279880279,4.473684210526316
244,10.2,7.800140856541981,74.67354685450967,4.631578947368421
245,10.2,7.800140856541981,73.35386368402688,4.7894736842105265
246,10.2,7.800140856541981,71.79437008604127,4.947368421052632
247,10.2,7.800140856541981,69.83796958151683,5.105263157894736
248,10.2,7.800140856541981,67.31991318478677,5.2631578947368425
249,10.2,7.800140856541981,64.07938352050856,5.421052631578947
250,10.2,7.800140856541981,59.98725670487133,5.578947368421053
251,10.2,7.800140856541981,54.9899627265486,5.7368421052631575
252,10.2,7.800140856541981,49.1585529108809,5.894736842105263
253,10.2,7.800140856541981,42.71817147037154,6.052631578947368
254,10.2,7.800140856541981,36.02918456825022,6.2105263157894735
255,10.2,7.800140856541981,29.511262434503717,6.368421052631579
256,10.2,7.800140856541981,23.538740491638077,6.526315789473684
257,10.2,7.800140856541981,18.357230471145012,6.684210526315789
258,10.2,7.800140856541981,14.055139352193617,6.842105263157895
259,10.2,7.800140856541981,10.586672391948463,7.0
260,10.399999999999999,7.833944148687744,81.0632259569202,4.0
261,10.399999999999999,7.833944148687744,79.12026290016573,4.157894736842105
262,10.399999999999999,7.833944148687744,77.60307936478316,4.315789473684211
263,10.399999999999999,7.833944148687744,76.31246256825968,4.473684210526316
264,10.399999999999999,7.833944148687744,75.08274664583075,4.631578947368421
265,10.399999999999999,7.833944148687744,73.76306355301718,4.7894736842105265
266,10.399999999999999,7.833944148687744,72.20357009402755,4.947368421052632
267,10.399999999999999,7.833944148687744,70.24716979877549,5.105263157894736
268,10.399999999999999,7.833944148687744,67.72911369228433,5.2631578947368425
269,10.399999999999999,7.833944148687744,64.48858440752441,5.421052631578947
270,10.399999999999999,7.833944148687744,60.39645806144706,5.578947368421053
271,10.399999999999999,7.833944148687744,55.39916463004774,5.7368421052631575
272,10.399999999999999,7.833944148687744,49.567755408893845,5.894736842105263
273,10.399999999999999,7.833944148687744,43.127374567240906,6.052631578947368
274,10.399999999999999,7.833944148687744,36.43838822153087,6.2105263157894735
275,10.399999999999999,7.833944148687744,29.9204665658919,6.368421052631579
276,10.399999999999999,7.833944148687744,23.947945007244623,6.526315789473684
277,10.399999999999999,7.833944148687744,18.766435281370214,6.684210526315789
278,10.399999999999999,7.833944148687744,14.4643443848479,6.842105263157895
279,10.399999999999999,7.833944148687744,10.995877597262146,7.0
280,10.6,7.8801215503496795,81.64287590688139,4.0
281,10.6,7.8801215503496795,79.69991262300908,4.157894736842105
282,10.6,7.8801215503496795,78.1827289640536,4.315789473684211
283,10.6,7.8801215503496795,76.892112129772,4.473684210526316
284,10.6,7.8801215503496795,75.66239624847991,4.631578947368421
285,10.6,7.8801215503496795,74.34271327756792,4.7894736842105265
286,10.6,7.8801215503496795,72.78322003014411,4.947368421052632
287,10.6,7.8801215503496795,70.82682005026443,5.105263157894736
288,10.6,7.8801215503496795,68.30876437950212,5.2631578947368425
289,10.6,7.8801215503496795,65.06823566427349,5.421052631578947
290,10.6,7.8801215503496795,60.976110023322484,5.578947368421053
291,10.6,7.8801215503496795,55.97881741503511,5.7368421052631575
292,10.6,7.8801215503496795,50.14740909217064,5.894736842105263
293,10.6,7.8801215503496795,43.70702915980986,6.052631578947368
294,10.6,7.8801215503496795,37.018043664606516,6.2105263157894735
295,10.6,7.8801215503496795,30.500122746066825,6.368421052631579
296,10.6,7.8801215503496795,24.527601785567455,6.526315789473684
297,10.6,7.8801215503496795,19.346092523112624,6.684210526315789
298,10.6,7.8801215503496795,15.044001979654043,6.842105263157895
299,10.6,7.8801215503496795,11.575535467241808,7.0
300,10.799999999999999,7.945407518431276,82.51159161067612,4.0
301,10.799999999999999,7.945407518431276,80.56862801131439,4.157894736842105
302,10.799999999999999,7.945407518431276,79.0514441868648,4.315789473684211
303,10.799999999999999,7.945407518431276,77.76082731386687,4.473684210526316
304,10.799999999999999,7.945407518431276,76.53111151208546,4.631578947368421
305,10.799999999999999,7.945407518431276,75.21142874398059,4.7894736842105265
306,10.799999999999999,7.945407518431276,73.65193583811939,4.947368421052632
307,10.799999999999999,7.945407518431276,71.69553636243818,5.105263157894736
308,10.799999999999999,7.945407518431276,69.17748138578784,5.2631578947368425
309,10.799999999999999,7.945407518431276,65.9369535767292,5.421052631578947
310,10.799999999999999,7.945407518431276,61.844829059342786,5.578947368421053
311,10.799999999999999,7.945407518431276,56.84753776540754,5.7368421052631575
312,10.799999999999999,7.945407518431276,51.01613088225373,5.894736842105263
313,10.799999999999999,7.945407518431276,44.57575241461363,6.052631578947368
314,10.799999999999999,7.945407518431276,37.88676829898927,6.2105263157894735
315,10.799999999999999,7.945407518431276,31.368848586339674,6.368421052631579
316,10.799999999999999,7.945407518431276,25.396328614177456,6.526315789473684
317,10.799999999999999,7.945407518431276,20.214820125407567,6.684210526315789
318,10.799999999999999,7.945407518431276,15.9127301761646,6.842105263157895
319,10.799999999999999,7.945407518431276,12.444264128547953,7.0
320,11.0,8.037032178071522,83.85166560490455,4.0
321,11.0,8.037032178071522,81.90870156370198,4.157894736842105
322,11.0,8.037032178071522,80.39151752000357,4.315789473684211
323,11.0,8.037032178071522,79.10090061841498,4.473684210526316
324,11.0,8.037032178071522,77.87118497073781,4.631578947368421
325,11.0,8.037032178071522,76.55150255004109,4.7894736842105265
326,11.0,8.037032178071522,74.99201021290821,4.947368421052632
327,11.0,8.037032178071522,73.03561156815363,5.105263157894736
328,11.0,8.037032178071522,70.51755773101324,5.2631578947368425
329,11.0,8.037032178071522,67.2770314084824,5.421052631578947
330,11.0,8.037032178071522,63.18490873562753,5.578947368421053
331,11.0,8.037032178071522,58.187619605583286,5.7368421052631575
332,11.0,8.037032178071522,52.356215100709726,5.894736842105263
333,11.0,8.037032178071522,45.91583906582504,6.052631578947368
334,11.0,8.037032178071522,39.226857256895194,6.2105263157894735
335,11.0,8.037032178071522,32.70893957686137,6.368421052631579
336,11.0,8.037032178071522,26.736421286185585,6.526315789473684
337,11.0,8.037032178071522,21.55491412622236,6.684210526315789
338,11.0,8.037032178071522,17.25282520612283,6.842105263157895
339,11.0,8.037032178071522,13.784359965881494,7.0
340,11.2,8.160740201584884,85.94588347341694,4.0
341,11.2,8.160740201584884,84.00291882868437,4.157894736842105
342,11.2,8.160740201584884,82.48573451028456,4.315789473684211
343,11.2,8.160740201584884,81.19511762260434,4.473684210526316
344,11.2,8.160740201584884,79.965402271588,4.631578947368421
345,11.2,8.160740201584884,78.64572045453914,4.7894736842105265
346,11.2,8.160740201584884,77.0862290786515,4.947368421052632
347,11.2,8.160740201584884,75.12983182365261,5.105263157894736
348,11.2,8.160740201584884,72.61177988457207,5.2631578947368425
349,11.2,8.160740201584884,69.37125603648312,5.421052631578947
350,11.2,8.160740201584884,65.2791364373889,5.578947368421053
351,11.2,8.160740201584884,60.2818509212228,5.7368421052631575
352,11.2,8.160740201584884,54.45045040447035,5.894736842105263
353,11.2,8.160740201584884,48.01007846982379,6.052631578947368
354,11.2,8.160740201584884,41.32110057482499,6.2105263157894735
355,11.2,8.160740201584884,34.80318637220635,6.368421052631579
356,11.2,8.160740201584884,28.830670984103197,6.526315789473684
357,11.2,8.160740201584884,23.649166138801906,6.684210526315789
358,11.2,8.160740201584884,19.34707902378342,6.842105263157895
359,11.2,8.160740201584884,15.87861520395504,7.0
360,11.399999999999999,8.318970082189104,89.23482753660235,4.0
361,11.399999999999999,8.318970082189104,87.29186208073563,4.157894736842105
362,11.399999999999999,8.318970082189104,85.77467743828649,4.315789473684211
363,11.399999999999999,8.318970082189104,84.48406066441797,4.473684210526316
364,11.399999999999999,8.318970082189104,83.2543458673155,4.631578947368421
365,11.399999999999999,8.318970082189104,81.93466509340087,4.7894736842105265
366,11.399999999999999,8.318970082189104,80.3751753396543,4.947368421052632
367,11.399999999999999,8.318970082189104,78.41878040891781,5.105263157894736
368,11.399999999999999,8.318970082189104,75.90073163374394,5.2631578947368425
369,11.399999999999999,8.318970082189104,72.66021190665727,5.421052631578947
370,11.399999999999999,8.318970082189104,68.5680974314822,5.578947368421053
371,11.399999999999999,8.318970082189104,63.57081795322292,5.7368421052631575
372,11.399999999999999,8.318970082189104,57.73942412202626,5.894736842105263
373,11.399999999999999,8.318970082189104,51.29905909257574,6.052631578947368
374,11.399999999999999,8.318970082189104,44.61008782776808,6.2105263157894735
375,11.399999999999999,8.318970082189104,38.09217955616027,6.368421052631579
376,11.399999999999999,8.318970082189104,32.11966915698784,6.526315789473684
377,11.399999999999999,8.318970082189104,26.938168319501905,6.684210526315789
378,11.399999999999999,8.318970082189104,22.63608434883231,6.842105263157895
379,11.399999999999999,8.318970082189104,19.167623009150677,7.0
380,11.6,8.512002794647655,94.40609752549773,4.0
381,11.6,8.512002794647655,92.46313101418032,4.157894736842105
382,11.6,8.512002794647655,90.9459460345305,4.315789473684211
383,11.6,8.512002794647655,89.65532958614763,4.473684210526316
384,11.6,8.512002794647655,88.42561580022743,4.631578947368421
385,11.6,8.512002794647655,87.10593681712814,4.7894736842105265
386,11.6,8.512002794647655,85.5464497927683,4.947368421052632
387,11.6,8.512002794647655,83.59005874071026,5.105263157894736
388,11.6,8.512002794647655,81.07201522864725,5.2631578947368425
389,11.6,8.512002794647655,77.83150235290805,5.421052631578947
390,11.6,8.512002794647655,73.73939640354874,5.578947368421053
391,11.6,8.512002794647655,68.74212699157873,5.7368421052631575
392,11.6,8.512002794647655,62.910744340299814,5.894736842105263
393,11.6,8.512002794647655,56.47039090583642,6.052631578947368
394,11.6,8.512002794647655,49.78143083119284,6.2105263157894735
395,11.6,8.512002794647655,43.263532631079876,6.368421052631579
396,11.6,8.512002794647655,37.29103075867757,6.526315789473684
397,11.6,8.512002794647655,32.10953681524808,6.684210526315789
398,11.6,8.512002794647655,27.807458280164717,6.842105263157895
399,11.6,8.512002794647655,24.339001236120776,7.0
